"accepted_1" "accepted_2" "accepted_3" "accepted_4" "accepted_5" "accepted_01" "accepted_02" "accepted_03" "accepted_04" "accepted_05"
"E068084" 1 2 1 1 2 0 35 10 32 19
"E067244" 2 1 3 4 1 0 66 29 19 34
"E067806" 3 3 2 2 3 0 52 20 53 45
"E067819" 4 6 4 3 12 0 86 21 38 58
"E065920" 5 14 24 11 16 1 2 2 2 2
"E026753" 6 4 7 12 6 0 0 0 0 0
"E066645" 7 20 43 15 27 0 0 0 0 0
"E067304" 8 7 5 5 7 0 0 0 0 0
"E036339" 9 0 0 8 71 2 5 3 3 1
"E032701" 10 18 26 19 18 0 0 0 0 0
"E059401" 11 15 27 21 19 0 0 0 0 0
"E015040" 12 31 28 0 54 0 0 0 0 0
"E061538" 13 21 35 23 29 0 0 0 0 0
"E002396" 14 27 59 29 43 0 0 0 0 0
"E002401" 15 28 60 30 44 0 0 0 0 0
"E066039" 16 0 0 0 0 0 0 0 0 0
"E068027" 17 19 21 14 14 0 0 0 0 0
"E037959" 18 5 8 13 4 0 0 0 0 0
"E061441" 19 0 0 0 0 0 0 0 0 0
"E024004" 20 35 68 42 69 0 0 0 0 0
"E062215" 21 49 12 10 9 0 0 0 0 0
"E004512" 22 9 6 6 5 0 0 0 0 0
"E021502" 23 32 71 50 57 0 0 0 0 0
"E045941" 24 0 81 58 72 0 0 0 0 0
"E003072" 25 0 0 0 0 0 0 0 0 0
"E042271" 26 0 0 46 0 0 4 5 6 6
"E003069" 27 0 0 0 0 0 0 0 0 0
"E008041" 28 56 83 16 28 0 0 0 0 0
"E004400" 29 10 17 31 21 0 0 0 0 0
"E024005" 30 60 92 73 0 0 0 0 0 0
"E044409" 31 8 9 22 8 0 1 1 1 3
"E015039" 32 0 100 0 0 0 0 0 0 0
"E031399" 33 34 66 55 78 0 0 0 0 0
"E020975" 34 26 18 18 20 0 0 0 0 0
"E043132" 35 63 0 89 0 0 0 0 0 0
"E031398" 36 40 74 65 76 0 0 0 0 0
"E013785" 37 53 85 57 63 0 0 0 0 0
"E024009" 38 68 0 0 0 0 0 0 0 0
"E043134" 39 47 0 0 0 0 0 0 0 0
"E027822" 40 0 0 99 0 0 0 0 0 0
"E060729" 41 38 61 60 56 0 0 0 0 0
"E043236" 42 50 48 32 33 0 0 0 0 0
"E043240" 43 51 49 33 34 0 0 0 0 0
"E048998" 44 71 0 72 0 23 0 0 0 0
"E050694" 45 55 97 88 75 0 0 0 0 0
"E013263" 46 61 0 0 0 0 0 0 0 0
"E005234" 47 52 96 67 70 0 0 0 0 0
"E003068" 48 0 0 0 0 0 0 0 0 0
"E027431" 49 59 0 81 0 0 0 0 0 0
"E031222" 50 65 0 79 89 0 0 0 0 0
"E012701" 51 24 37 0 46 0 0 0 0 0
"E046442" 52 0 0 0 0 0 0 0 0 0
"E048306" 53 62 0 85 0 0 0 0 0 0
"E033705" 54 96 0 0 0 0 0 0 0 0
"E027910" 55 0 0 0 0 0 0 0 0 0
"E037928" 56 39 10 7 11 0 0 0 0 0
"E032703" 57 87 0 0 0 0 0 0 0 0
"E003074" 58 0 0 0 0 0 0 0 0 0
"E003071" 59 0 0 0 0 0 0 0 0 0
"E060728" 60 41 78 90 85 79 0 0 0 0
"E005571" 61 0 0 0 0 0 9 7 4 4
"E010438" 62 11 13 0 22 0 0 0 0 0
"E066973" 63 0 0 40 67 0 8 6 7 5
"E043237" 64 72 52 36 40 0 0 0 0 0
"E043241" 65 73 53 37 41 0 0 0 0 0
"E051834" 66 85 0 0 0 0 0 0 0 0
"E011289" 67 0 0 0 0 0 0 0 0 0
"E002398" 68 0 0 92 0 0 0 0 0 0
"E002403" 69 0 0 93 0 0 0 0 0 0
"E032630" 70 0 0 0 0 0 0 0 0 0
"E059403" 71 74 0 0 0 0 0 0 0 0
"E061543" 72 0 0 0 0 0 0 0 0 0
"E024006" 73 0 0 0 0 0 0 0 0 0
"E004024" 74 64 0 0 0 0 0 0 0 0
"E043135" 75 76 0 0 0 0 0 0 0 0
"E033706" 76 0 0 0 0 0 0 0 0 0
"E006445" 77 86 0 0 0 0 0 0 0 0
"E030226" 78 84 0 0 0 0 0 0 0 0
"E066423" 79 0 0 0 0 0 0 0 0 0
"E025048" 80 0 0 0 0 0 0 0 0 0
"E047404" 81 0 0 0 0 0 0 0 0 0
"E003931" 82 0 0 0 0 0 0 0 0 0
"E067168" 83 33 64 0 83 0 0 0 0 0
"E013262" 84 0 0 0 0 0 0 0 0 0
"E022907" 85 12 54 0 0 0 0 0 0 0
"E013206" 86 0 0 0 0 0 0 0 0 0
"E013209" 87 0 0 0 0 0 0 0 0 0
"E009999" 88 0 0 74 61 0 0 0 0 0
"E022908" 89 16 57 0 0 0 0 0 0 0
"E005569" 90 0 0 0 0 0 13 9 5 7
"E044394" 91 94 0 0 0 0 0 0 0 0
"E061447" 92 0 0 0 0 0 0 0 0 0
"E013264" 93 0 0 0 0 0 0 0 0 0
"E012883" 94 0 0 0 0 0 0 0 0 0
"E011105" 95 0 0 0 0 0 0 0 0 0
"E054370" 96 0 0 0 0 0 0 0 0 0
"E065768" 97 0 0 0 0 0 0 0 0 0
"E015791" 98 0 0 0 0 0 0 0 0 0
"E015794" 99 0 0 0 0 0 0 0 0 0
"E013481" 100 95 0 0 0 0 0 0 0 0
"E020684" 0 13 11 48 10 0 0 0 0 0
"E047635" 0 17 14 9 47 0 0 0 0 0
"E067205" 0 22 69 0 62 0 0 0 0 0
"E048805" 0 23 34 0 90 0 0 0 0 0
"E016104" 0 25 22 100 59 0 0 0 0 0
"E004401" 0 29 50 80 79 0 0 0 0 0
"E017594" 0 30 15 27 13 0 0 0 0 0
"E057585" 0 36 62 70 80 0 0 0 0 0
"E056928" 0 37 29 0 25 0 0 0 0 0
"E025393" 0 42 40 0 0 0 0 0 0 0
"E026752" 0 43 30 0 36 0 0 0 0 0
"E020351" 0 44 0 0 0 0 0 0 0 0
"E056930" 0 45 42 0 50 0 0 0 0 0
"E033760" 0 46 20 17 32 0 0 0 0 0
"E025392" 0 48 51 0 0 0 0 0 0 0
"E035564" 0 54 0 0 0 0 0 0 0 0
"E046466" 0 57 0 0 0 0 0 0 0 0
"E016699" 0 58 36 95 53 0 0 0 0 0
"E060727" 0 66 0 0 0 78 0 0 0 0
"E027523" 0 67 80 0 23 0 0 0 0 0
"E047713" 0 69 45 0 30 0 0 0 0 0
"E047787" 0 70 0 0 0 0 0 0 0 0
"E037960" 0 75 56 0 35 0 0 0 0 0
"E038545" 0 77 46 0 45 0 0 0 0 0
"E006626" 0 78 19 75 31 0 0 0 0 0
"E033196" 0 79 0 0 0 0 0 0 0 0
"E006892" 0 80 47 43 26 0 0 0 0 0
"E041334" 0 81 0 54 48 0 0 0 0 0
"E013480" 0 82 0 0 0 0 0 0 0 0
"E006531" 0 83 88 0 0 0 0 0 0 0
"E003968" 0 88 0 0 0 0 0 0 0 0
"E026336" 0 89 65 0 84 0 0 0 0 0
"E019898" 0 90 38 0 66 0 0 0 0 0
"E061614" 0 91 82 0 0 0 0 0 0 0
"E026045" 0 92 41 0 0 0 0 0 0 0
"E033759" 0 93 32 25 65 0 0 0 0 0
"E048804" 0 97 0 0 0 0 0 0 0 0
"E003135" 0 98 0 0 0 0 0 0 0 0
"E067666" 0 99 0 0 0 0 0 0 0 0
"E061539" 0 100 0 0 0 0 0 0 0 0
"E035784" 0 0 16 82 15 0 0 0 0 0
"E035783" 0 0 23 0 17 0 0 0 0 0
"E023514" 0 0 25 76 73 0 0 0 0 0
"E004511" 0 0 31 53 68 0 0 0 0 0
"E034445" 0 0 33 0 24 0 0 0 0 0
"E031607" 0 0 39 20 95 0 0 0 0 0
"E024729" 0 0 44 0 42 0 0 0 0 0
"E031609" 0 0 55 24 94 0 0 0 0 0
"E003303" 0 0 58 0 77 0 0 0 0 0
"E059888" 0 0 63 0 0 0 0 0 0 0
"E031608" 0 0 67 26 0 0 0 0 0 0
"E030714" 0 0 70 0 0 0 0 0 0 0
"E033763" 0 0 72 44 98 0 0 0 0 0
"E033768" 0 0 73 45 99 0 0 0 0 0
"E035785" 0 0 75 0 64 0 0 0 0 0
"E031606" 0 0 76 38 0 0 0 0 0 0
"E033764" 0 0 77 52 0 0 0 0 0 0
"E038994" 0 0 79 0 0 0 0 0 0 0
"E024728" 0 0 84 0 88 0 0 0 0 0
"E024906" 0 0 86 49 60 0 0 0 0 0
"E056933" 0 0 87 0 74 0 0 0 0 0
"E047711" 0 0 89 0 49 0 0 0 0 0
"E000085" 0 0 90 0 0 0 0 0 0 0
"E038544" 0 0 91 0 0 0 0 0 0 0
"E033767" 0 0 93 78 0 0 0 0 0 0
"E018963" 0 0 94 0 51 0 0 0 0 0
"E052348" 0 0 95 0 0 0 0 0 0 0
"E056929" 0 0 98 0 0 0 0 0 0 0
"E027203" 0 0 99 0 39 0 0 0 0 0
"E054432" 0 0 0 28 0 0 0 0 0 0
"E019931" 0 0 0 34 0 0 0 0 0 0
"E066885" 0 0 0 35 0 0 10 14 10 10
"E063758" 0 0 0 39 0 0 0 0 0 0
"E053340" 0 0 0 41 0 0 0 0 0 0
"E037313" 0 0 0 47 0 0 0 0 0 0
"E057849" 0 0 0 51 0 0 0 0 0 0
"E067274" 0 0 0 56 0 0 3 4 8 8
"E006824" 0 0 0 59 0 0 0 0 0 0
"E026438" 0 0 0 61 0 0 0 0 0 0
"E014122" 0 0 0 62 0 0 0 0 0 0
"E008019" 0 0 0 63 0 0 0 0 0 0
"E067001" 0 0 0 64 0 0 47 44 23 27
"E006822" 0 0 0 66 0 0 0 0 0 0
"E032077" 0 0 0 68 0 0 0 0 0 0
"E043469" 0 0 0 69 0 0 0 0 0 0
"E036338" 0 0 0 71 0 3 18 13 9 9
"E054620" 0 0 0 77 0 0 0 0 0 0
"E011399" 0 0 0 83 0 0 0 0 0 0
"E054471" 0 0 0 84 0 0 0 0 0 0
"E057851" 0 0 0 86 0 0 0 0 0 0
"E007841" 0 0 0 87 0 0 0 0 0 0
"E024162" 0 0 0 91 0 0 0 0 0 0
"E008020" 0 0 0 94 0 0 0 0 0 0
"E037312" 0 0 0 96 0 0 0 0 0 0
"E067488" 0 0 0 97 81 0 0 0 0 0
"E006821" 0 0 0 98 0 0 0 0 0 0
"E066716" 0 0 0 0 37 0 0 0 0 0
"E027202" 0 0 0 0 38 0 0 0 0 0
"E003787" 0 0 0 0 52 0 0 0 0 0
"E022831" 0 0 0 0 55 0 0 0 0 0
"E036573" 0 0 0 0 58 0 0 0 0 0
"E027520" 0 0 0 0 82 0 0 0 0 0
"E016200" 0 0 0 0 86 0 0 0 0 0
"E006897" 0 0 0 0 87 0 0 0 0 0
"E002931" 0 0 0 0 91 0 0 0 0 0
"E036569" 0 0 0 0 92 0 0 0 0 0
"E036574" 0 0 0 0 93 0 0 0 0 0
"E066539" 0 0 0 0 96 0 0 0 0 0
"E058749" 0 0 0 0 97 0 0 0 0 0
"E047712" 0 0 0 0 100 0 0 0 0 0
"E002067" 0 0 0 0 0 4 34 34 52 54
"E066168" 0 0 0 0 0 5 88 87 0 81
"E010519" 0 0 0 0 0 6 56 70 0 0
"E012350" 0 0 0 0 0 7 0 0 0 0
"E012351" 0 0 0 0 0 8 0 0 0 0
"E012353" 0 0 0 0 0 9 0 0 0 0
"E015997" 0 0 0 0 0 10 0 0 68 90
"E026470" 0 0 0 0 0 11 0 0 0 0
"E022806" 0 0 0 0 0 12 0 0 0 0
"E029727" 0 0 0 0 0 13 0 0 0 0
"E000736" 0 0 0 0 0 14 0 0 0 0
"E044309" 0 0 0 0 0 15 87 74 0 0
"E067150" 0 0 0 0 0 16 0 0 0 0
"E028829" 0 0 0 0 0 17 0 0 0 0
"E012349" 0 0 0 0 0 18 0 0 0 0
"E019132" 0 0 0 0 0 19 0 0 0 0
"E031840" 0 0 0 0 0 20 0 0 0 0
"E048646" 0 0 0 0 0 21 0 0 0 0
"E013845" 0 0 0 0 0 22 0 0 0 0
"E007246" 0 0 0 0 0 24 0 0 0 0
"E035633" 0 0 0 0 0 25 0 0 0 0
"E060620" 0 0 0 0 0 26 0 0 0 0
"E046951" 0 0 0 0 0 27 0 0 0 0
"E054878" 0 0 0 0 0 28 0 0 0 0
"E003179" 0 0 0 0 0 29 0 0 0 0
"E008269" 0 0 0 0 0 30 0 0 0 0
"E030859" 0 0 0 0 0 31 0 0 0 0
"E051716" 0 0 0 0 0 32 0 0 0 0
"E058767" 0 0 0 0 0 33 0 0 0 0
"E002878" 0 0 0 0 0 34 0 0 0 0
"E066246" 0 0 0 0 0 35 0 0 0 0
"E009389" 0 0 0 0 0 36 0 0 0 0
"E054875" 0 0 0 0 0 37 0 0 0 0
"E058769" 0 0 0 0 0 38 0 0 0 0
"E008966" 0 0 0 0 0 39 0 0 0 0
"E039038" 0 0 0 0 0 40 0 0 0 0
"E059259" 0 0 0 0 0 41 0 0 0 0
"E059961" 0 0 0 0 0 42 0 0 0 0
"E014475" 0 0 0 0 0 43 0 0 0 0
"E026469" 0 0 0 0 0 44 0 0 0 0
"E048997" 0 0 0 0 0 45 0 0 0 0
"E025242" 0 0 0 0 0 46 0 0 0 0
"E036705" 0 0 0 0 0 47 0 0 0 0
"E050271" 0 0 0 0 0 48 0 0 0 0
"E050276" 0 0 0 0 0 49 0 0 0 0
"E050281" 0 0 0 0 0 50 0 0 0 0
"E037352" 0 0 0 0 0 51 0 0 0 0
"E044704" 0 0 0 0 0 52 0 0 0 0
"E046393" 0 0 0 0 0 53 0 0 0 0
"E014407" 0 0 0 0 0 54 0 0 0 0
"E017257" 0 0 0 0 0 55 0 0 0 0
"E061101" 0 0 0 0 0 56 0 0 0 0
"E066789" 0 0 0 0 0 57 0 0 0 0
"E067381" 0 0 0 0 0 58 0 0 0 0
"E016101" 0 0 0 0 0 59 0 0 0 0
"E023387" 0 0 0 0 0 60 0 0 0 0
"E024795" 0 0 0 0 0 61 0 0 0 0
"E058765" 0 0 0 0 0 62 0 0 0 0
"E008270" 0 0 0 0 0 63 0 0 0 0
"E015307" 0 0 0 0 0 64 0 0 0 0
"E030789" 0 0 0 0 0 65 0 0 0 0
"E062585" 0 0 0 0 0 66 0 0 0 0
"E008268" 0 0 0 0 0 67 0 0 0 0
"E053014" 0 0 0 0 0 68 0 0 0 0
"E054874" 0 0 0 0 0 69 0 0 0 0
"E066845" 0 0 0 0 0 70 0 0 0 0
"E004753" 0 0 0 0 0 71 0 0 0 0
"E032550" 0 0 0 0 0 72 0 0 0 0
"E067585" 0 0 0 0 0 73 0 0 0 0
"E014476" 0 0 0 0 0 74 0 0 0 0
"E016630" 0 0 0 0 0 75 0 0 0 0
"E044141" 0 0 0 0 0 76 0 0 0 0
"E058768" 0 0 0 0 0 77 0 0 0 0
"E008863" 0 0 0 0 0 80 0 0 0 0
"E014975" 0 0 0 0 0 81 0 0 0 0
"E017768" 0 0 0 0 0 82 0 0 0 0
"E019490" 0 0 0 0 0 83 0 0 0 0
"E047307" 0 0 0 0 0 84 0 0 0 0
"E050839" 0 0 0 0 0 85 0 0 0 0
"E054818" 0 0 0 0 0 86 0 0 0 0
"E062608" 0 0 0 0 0 87 0 0 0 0
"E001202" 0 0 0 0 0 88 0 0 0 0
"E004754" 0 0 0 0 0 89 0 0 0 0
"E008271" 0 0 0 0 0 90 0 0 0 0
"E025376" 0 0 0 0 0 91 0 0 0 0
"E030858" 0 0 0 0 0 92 0 0 0 0
"E033722" 0 0 0 0 0 93 0 0 0 0
"E034044" 0 0 0 0 0 94 0 0 0 0
"E044308" 0 0 0 0 0 95 0 0 0 0
"E052495" 0 0 0 0 0 96 0 0 0 0
"E058175" 0 0 0 0 0 97 0 0 0 0
"E058573" 0 0 0 0 0 98 0 0 0 0
"E058766" 0 0 0 0 0 99 0 0 0 0
"E061100" 0 0 0 0 0 100 0 0 0 0
"E042861" 0 0 0 0 0 0 6 12 14 13
"E000777" 0 0 0 0 0 0 7 8 25 25
"E036805" 0 0 0 0 0 0 11 11 16 16
"E030687" 0 0 0 0 0 0 12 23 91 50
"E001914" 0 0 0 0 0 0 14 16 56 61
"E030686" 0 0 0 0 0 0 15 28 98 55
"E066201" 0 0 0 0 0 0 16 17 12 12
"E005570" 0 0 0 0 0 0 17 18 11 11
"E035458" 0 0 0 0 0 0 19 15 17 18
"E065638" 0 0 0 0 0 0 20 24 59 53
"E032974" 0 0 0 0 0 0 21 37 31 23
"E027513" 0 0 0 0 0 0 22 33 21 26
"E021130" 0 0 0 0 0 0 23 48 42 46
"E066902" 0 0 0 0 0 0 24 43 37 32
"E052626" 0 0 0 0 0 0 25 22 30 38
"E067436" 0 0 0 0 0 0 26 38 33 35
"E066278" 0 0 0 0 0 0 27 19 15 14
"E040755" 0 0 0 0 0 0 28 40 20 17
"E059721" 0 0 0 0 0 0 29 27 22 29
"E042793" 0 0 0 0 0 0 30 55 0 0
"E048126" 0 0 0 0 0 0 31 41 73 71
"E008316" 0 0 0 0 0 0 32 39 89 0
"E030688" 0 0 0 0 0 0 33 54 0 0
"E035521" 0 0 0 0 0 0 36 42 41 43
"E048803" 0 0 0 0 0 0 37 32 77 57
"E032054" 0 0 0 0 0 0 38 25 44 31
"E065805" 0 0 0 0 0 0 39 30 18 15
"E023214" 0 0 0 0 0 0 40 35 13 24
"E066213" 0 0 0 0 0 0 41 45 24 22
"E067198" 0 0 0 0 0 0 42 36 28 28
"E067188" 0 0 0 0 0 0 43 26 36 37
"E047430" 0 0 0 0 0 0 44 46 40 20
"E065475" 0 0 0 0 0 0 45 47 35 36
"E018671" 0 0 0 0 0 0 46 31 27 21
"E065950" 0 0 0 0 0 0 48 50 29 30
"E050078" 0 0 0 0 0 0 49 49 93 0
"E063887" 0 0 0 0 0 0 50 53 26 33
"E027777" 0 0 0 0 0 0 51 0 79 99
"E065985" 0 0 0 0 0 0 53 51 47 56
"E015901" 0 0 0 0 0 0 54 83 0 86
"E010006" 0 0 0 0 0 0 55 76 69 68
"E040540" 0 0 0 0 0 0 57 60 0 0
"E053626" 0 0 0 0 0 0 58 57 0 0
"E047874" 0 0 0 0 0 0 59 56 0 0
"E067716" 0 0 0 0 0 0 60 59 83 94
"E034327" 0 0 0 0 0 0 61 58 71 77
"E060027" 0 0 0 0 0 0 62 68 0 0
"E066349" 0 0 0 0 0 0 63 52 43 42
"E002115" 0 0 0 0 0 0 64 61 45 39
"E002120" 0 0 0 0 0 0 65 62 46 40
"E005261" 0 0 0 0 0 0 67 0 0 0
"E018587" 0 0 0 0 0 0 68 0 0 0
"E044464" 0 0 0 0 0 0 69 89 0 0
"E051904" 0 0 0 0 0 0 70 80 0 0
"E016292" 0 0 0 0 0 0 71 0 0 0
"E047432" 0 0 0 0 0 0 72 0 0 0
"E040240" 0 0 0 0 0 0 73 90 0 0
"E040752" 0 0 0 0 0 0 74 85 66 59
"E036277" 0 0 0 0 0 0 75 77 0 0
"E036279" 0 0 0 0 0 0 76 78 0 0
"E030488" 0 0 0 0 0 0 77 73 0 0
"E037794" 0 0 0 0 0 0 78 63 39 44
"E048730" 0 0 0 0 0 0 79 71 0 0
"E016032" 0 0 0 0 0 0 80 86 80 64
"E063609" 0 0 0 0 0 0 81 79 90 74
"E062467" 0 0 0 0 0 0 82 69 54 63
"E017433" 0 0 0 0 0 0 83 100 34 51
"E008102" 0 0 0 0 0 0 84 94 86 79
"E005306" 0 0 0 0 0 0 85 67 88 69
"E006908" 0 0 0 0 0 0 89 64 0 0
"E040114" 0 0 0 0 0 0 90 0 0 0
"E030553" 0 0 0 0 0 0 91 0 0 0
"E021612" 0 0 0 0 0 0 92 91 95 0
"E067763" 0 0 0 0 0 0 93 82 60 67
"E010225" 0 0 0 0 0 0 94 0 0 0
"E029402" 0 0 0 0 0 0 95 0 0 0
"E009399" 0 0 0 0 0 0 96 72 85 62
"E061652" 0 0 0 0 0 0 97 0 0 0
"E047496" 0 0 0 0 0 0 98 88 58 70
"E009869" 0 0 0 0 0 0 99 84 0 0
"E051860" 0 0 0 0 0 0 100 0 0 0
"E049699" 0 0 0 0 0 0 0 65 61 73
"E051154" 0 0 0 0 0 0 0 66 0 0
"E011495" 0 0 0 0 0 0 0 75 87 0
"E011994" 0 0 0 0 0 0 0 81 0 0
"E015321" 0 0 0 0 0 0 0 92 78 82
"E048165" 0 0 0 0 0 0 0 93 55 66
"E066118" 0 0 0 0 0 0 0 95 75 98
"E060966" 0 0 0 0 0 0 0 96 63 78
"E024572" 0 0 0 0 0 0 0 97 92 72
"E031103" 0 0 0 0 0 0 0 98 0 0
"E066613" 0 0 0 0 0 0 0 99 50 52
"E055322" 0 0 0 0 0 0 0 0 48 48
"E055324" 0 0 0 0 0 0 0 0 49 49
"E066258" 0 0 0 0 0 0 0 0 51 41
"E022319" 0 0 0 0 0 0 0 0 57 47
"E009853" 0 0 0 0 0 0 0 0 62 84
"E023607" 0 0 0 0 0 0 0 0 64 65
"E031396" 0 0 0 0 0 0 0 0 65 0
"E067338" 0 0 0 0 0 0 0 0 67 83
"E063867" 0 0 0 0 0 0 0 0 70 75
"E031643" 0 0 0 0 0 0 0 0 72 95
"E011271" 0 0 0 0 0 0 0 0 74 88
"E011272" 0 0 0 0 0 0 0 0 76 0
"E040243" 0 0 0 0 0 0 0 0 81 60
"E063699" 0 0 0 0 0 0 0 0 82 96
"E026583" 0 0 0 0 0 0 0 0 84 0
"E067727" 0 0 0 0 0 0 0 0 94 0
"E031391" 0 0 0 0 0 0 0 0 96 92
"E067238" 0 0 0 0 0 0 0 0 97 97
"E007793" 0 0 0 0 0 0 0 0 99 0
"E007795" 0 0 0 0 0 0 0 0 100 0
"E014014" 0 0 0 0 0 0 0 0 0 76
"E019023" 0 0 0 0 0 0 0 0 0 80
"E032768" 0 0 0 0 0 0 0 0 0 85
"E048082" 0 0 0 0 0 0 0 0 0 87
"E016592" 0 0 0 0 0 0 0 0 0 89
"E049399" 0 0 0 0 0 0 0 0 0 91
"E031644" 0 0 0 0 0 0 0 0 0 93
"E015986" 0 0 0 0 0 0 0 0 0 100
